(0,1):1
(0,5):2
(0,7):2
(0,9):2
(0,11):2
(1,0):2
(1,3):3
(1,6):2
(1,8):3
(1,10):3
(1,12):1
(2,11):3
(3,1):1
(3,3):4
(3,5):5
(3,7):5
(3,9):4
(4,0):4
(4,2):2
(4,10):1
(4,12):2
(5,1):2
(5,3):5
(5,5):7
(5,7):4
(5,9):7
(5,11):5
(6,0):2
(6,12):2
(7,3):3
(7,5):5
(7,7):6
(7,9):7
(7,11):2
(8,1):3
(8,10):1
(8,12):3
(9,0):2
(9,4):1
(9,7):4
(9,9):7
(9,11):1
(10,1):4
(10,3):3
(10,5):2
(10,8):1
(11,0):1
(11,2):1
(11,4):2
(11,6):3
(11,9):5
(11,12):2
(12,1):2
(12,3):3
(12,5):3
(12,7):2
(12,11):1
-
(0,1)(0,5):1
(0,5)(0,7):1
(0,7)(0,9):1
(0,9)(0,11):1
(0,11)(2,11):1
(1,0)(1,3):1
(1,0)(4,0):1
(1,3)(1,6):1
(1,3)(3,3):1
(1,6)(1,8):1
(1,8)(1,10):2
(1,10)(4,10):1
(1,12)(4,12):1
(2,11)(5,11):2
(3,1)(3,3):1
(3,3)(3,5):1
(3,3)(5,3):1
(3,5)(3,7):2
(3,5)(5,5):2
(3,7)(3,9):2
(3,7)(5,7):1
(3,9)(5,9):2
(4,0)(4,2):2
(4,0)(6,0):1
(4,12)(6,12):1
(5,1)(5,3):1
(5,1)(8,1):1
(5,3)(5,5):2
(5,3)(7,3):1
(5,5)(5,7):1
(5,5)(7,5):2
(5,7)(5,9):1
(5,7)(7,7):1
(5,9)(5,11):2
(5,9)(7,9):2
(5,11)(7,11):1
(6,0)(9,0):1
(6,12)(8,12):1
(7,3)(7,5):1
(7,3)(10,3):1
(7,5)(7,7):2
(7,7)(7,9):2
(7,7)(9,7):1
(7,9)(7,11):1
(7,9)(9,9):2
(8,1)(10,1):2
(8,10)(8,12):1
(8,12)(11,12):1
(9,0)(11,0):1
(9,4)(9,7):1
(9,7)(9,9):2
(9,9)(9,11):1
(9,9)(11,9):2
(10,1)(10,3):1
(10,1)(12,1):1
(10,3)(10,5):1
(10,5)(10,8):1
(11,2)(11,4):1
(11,4)(11,6):1
(11,6)(11,9):2
(11,9)(11,12):1
(12,1)(12,3):1
(12,3)(12,5):2
(12,5)(12,7):1
(12,7)(12,11):1