(0,0):2
(0,2):2
(0,4):2
(0,6):1
(0,8):4
(0,11):1
(1,1):2
(1,3):1
(2,9):2
(2,12):2
(3,0):2
(3,2):2
(3,4):5
(3,6):4
(3,8):3
(3,11):2
(4,1):3
(4,5):1
(4,12):2
(5,0):2
(5,3):1
(5,6):4
(5,9):5
(5,11):4
(6,2):2
(6,5):3
(6,10):1
(7,1):3
(7,4):1
(7,6):4
(7,9):4
(7,12):2
(8,0):2
(8,2):1
(8,5):3
(8,11):2
(9,6):2
(9,8):4
(9,10):2
(10,1):3
(10,3):5
(10,5):5
(10,7):1
(10,12):2
(11,0):1
(11,9):1
(11,11):2
(12,1):3
(12,3):5
(12,5):3
(12,8):4
(12,10):2
(12,12):2
-
(0,0)(0,2):1
(0,0)(3,0):1
(0,2)(0,4):1
(0,4)(3,4):1
(0,6)(0,8):1
(0,8)(0,11):1
(0,8)(3,8):2
(1,1)(1,3):1
(1,1)(4,1):1
(2,9)(2,12):1
(2,9)(5,9):1
(2,12)(4,12):1
(3,0)(5,0):1
(3,2)(3,4):2
(3,4)(3,6):2
(3,6)(3,8):1
(3,6)(5,6):1
(3,11)(5,11):2
(4,1)(4,5):1
(4,1)(7,1):1
(4,12)(7,12):1
(5,0)(8,0):1
(5,3)(5,6):1
(5,6)(5,9):1
(5,6)(7,6):1
(5,9)(5,11):1
(5,9)(7,9):2
(5,11)(8,11):1
(6,2)(6,5):2
(6,5)(8,5):1
(6,10)(9,10):1
(7,1)(7,4):1
(7,1)(10,1):1
(7,6)(7,9):2
(7,6)(9,6):1
(7,12)(10,12):1
(8,0)(11,0):1
(8,2)(8,5):1
(8,5)(10,5):1
(8,11)(11,11):1
(9,6)(9,8):1
(9,8)(9,10):1
(9,8)(12,8):2
(10,1)(10,3):1
(10,1)(12,1):1
(10,3)(10,5):2
(10,3)(12,3):2
(10,5)(10,7):1
(10,5)(12,5):1
(10,12)(12,12):1
(11,9)(11,11):1
(12,1)(12,3):2
(12,3)(12,5):1
(12,5)(12,8):1
(12,8)(12,10):1
(12,10)(12,12):1