(0,1):1
(0,4):3
(0,6):3
(0,8):2
(0,10):1
(1,0):1
(1,2):4
(1,5):2
(1,7):1
(2,3):3
(2,6):3
(2,8):4
(2,10):2
(3,0):2
(3,2):4
(3,7):1
(4,3):3
(4,5):2
(4,8):2
(4,10):1
(5,0):2
(5,6):2
(6,2):3
(6,5):2
(6,8):4
(6,10):4
(7,3):1
(7,6):2
(8,0):2
(8,2):5
(8,4):2
(8,7):2
(9,3):1
(9,5):2
(9,8):2
(9,10):1
(10,0):1
(10,2):4
(10,4):2
(10,6):2
(10,9):1
-
(0,1)(0,4):1
(0,4)(0,6):2
(0,6)(0,8):1
(0,8)(2,8):1
(0,10)(2,10):1
(1,0)(1,2):1
(1,2)(1,5):1
(1,2)(3,2):2
(1,5)(1,7):1
(2,3)(2,6):1
(2,3)(4,3):2
(2,6)(2,8):1
(2,6)(5,6):1
(2,8)(2,10):1
(2,8)(4,8):1
(3,0)(3,2):1
(3,0)(5,0):1
(3,2)(6,2):1
(3,7)(8,7):1
(4,3)(4,5):1
(4,5)(6,5):1
(4,8)(6,8):1
(4,10)(6,10):1
(5,0)(8,0):1
(5,6)(7,6):1
(6,2)(6,5):1
(6,2)(8,2):1
(6,8)(6,10):2
(6,8)(9,8):1
(6,10)(9,10):1
(7,3)(7,6):1
(8,0)(8,2):1
(8,2)(8,4):1
(8,2)(10,2):2
(8,4)(8,7):1
(9,3)(9,5):1
(9,5)(9,8):1
(10,0)(10,2):1
(10,2)(10,4):1
(10,4)(10,6):1
(10,6)(10,9):1