(0,0):2
(4,0):4
(6,0):4
(8,0):2
(10,0):1
(1,1):2
(3,1):2
(5,1):1
(7,1):2
(11,1):2
(0,2):2
(4,2):1
(8,2):2
(10,2):2
(3,3):1
(6,3):2
(1,4):3
(5,4):3
(11,4):2
(2,5):2
(4,5):2
(6,5):2
(10,5):1
(8,6):4
(11,6):2
(4,7):1
(6,7):1
(1,8):1
(8,8):3
(10,8):1
(0,9):2
(2,9):4
(5,9):6
(7,9):4
(11,9):1
(0,11):1
(2,11):2
(5,11):3
(7,11):2
(9,11):1
-
(0,0)(0,2):1
(4,0)(6,0):2
(4,0)(4,2):1
(6,0)(8,0):1
(6,0)(6,3):1
(1,1)(3,1):1
(1,1)(1,4):1
(3,1)(3,3):1
(5,1)(5,4):1
(7,1)(11,1):1
(7,1)(7,9):1
(11,1)(11,4):1
(10,2)(10,5):1
(6,3)(6,5):1
(5,4)(5,9):1
(11,4)(11,6):1
(2,5)(4,5):1
(8,6)(8,8):2
(0,9)(2,9):1
(2,9)(2,11):1
(2,9)(5,9):1
(5,9)(5,11):2
(7,9)(11,9):1
(0,11)(2,11):1
(0,0)(4,0):1
(0,2)(0,9):1
(5,11)(7,11):1
(7,11)(9,11):1
(1,4)(1,8):1
(2,5)(2,9):1
(1,4)(5,4):1
(5,9)(7,9):2
(8,8)(10,8):1
(8,6)(11,6):1
(8,6)(8,2):1
(8,2)(10,2):1
(4,5)(4,7):1
(8,0)(10,0):1
(6,5)(6,7):1